0.16191933 -0.12246153 1.6136011 0.096604 1.6178867 0.13954686 0.0
0.16191933 -0.12246153 1.6136011 0.096604 1.6178867 0.13954686 0.0
0.16191933 -0.12246153 1.6136011 0.096604 1.6178867 0.13954686 0.0
0.16191933 -0.12246153 1.6136011 0.096604 1.6178867 0.13954686 0.0
0.16191933 -0.12246153 1.6136011 0.096604 1.6178867 0.13954686 0.0
0.16195048 -0.12236806 1.6136508 0.0964096 1.6178789 0.13957019 0.0
0.16736649 -0.11117257 1.6245003 0.07063143 1.6117356 0.1459389 0.0
0.18487631 -0.074408144 1.6593562 -0.01354615 1.5917041 0.16649923 0.0
0.19785297 -0.04743199 1.6848251 -0.075818114 1.5769372 0.18181838 0.0
0.21565872 -0.010267729 1.7200855 -0.16141096 1.5565556 0.20269753 0.0
0.23020354 0.0200058 1.7488326 -0.2310859 1.54007 0.21983631 0.0
0.24648272 0.053992126 1.781051 -0.30920583 1.5214694 0.23890361 0.0
0.25613075 0.07411908 1.8001682 -0.3554821 1.5105048 0.25024134 0.0
0.26576844 0.09436029 1.8194594 -0.4015562 1.4995637 0.26154795 0.0
0.26766378 0.0982029 1.8230115 -0.41068548 1.4973942 0.26377195 0.0
0.26767933 0.1023363 1.826769 -0.41663426 1.4964532 0.26381084 0.0
0.26767933 0.12509598 1.8470309 -0.4480113 1.4918263 0.2637953 0.0
0.26767933 0.15600821 1.8744092 -0.4904384 1.4857842 0.2637875 0.0
0.26767933 0.19245069 1.90641 -0.54094493 1.4784902 0.2637875 0.0
0.267669 0.22332136 1.9336952 -0.5837218 1.4722847 0.2637875 0.0
0.267669 0.25356373 1.9605885 -0.6254568 1.466297 0.2637875 0.0
0.267669 0.2699156 1.9749526 -0.64809346 1.4630622 0.2637875 0.0
0.26766378 0.26997274 1.974934 -0.64835 1.4630154 0.2637875 1.0
0.26766378 0.26994675 1.9749027 -0.64830345 1.4630231 0.26377973 1.0
0.26766378 0.26994154 1.9748904 -0.64829564 1.4630231 0.26377973 1.0
0.26766378 0.26994154 1.9748656 -0.64829564 1.4630309 0.26377973 1.0
0.26766378 0.26994154 1.9748594 -0.64829564 1.4630309 0.26377973 1.0
0.26766378 0.26994154 1.9748532 -0.64829564 1.4630309 0.26377973 1.0
0.26766378 0.26994154 1.9748532 -0.64829564 1.4630309 0.26377973 1.0
0.26765856 0.26994154 1.9748532 -0.64829564 1.4630387 0.26377973 1.0
0.26765856 0.26994154 1.974847 -0.64829564 1.4630387 0.26377973 1.0
0.26765856 0.26994154 1.974847 -0.64829564 1.4630387 0.26377973 1.0
0.26765856 0.26994154 1.974847 -0.64829564 1.4630387 0.26377973 1.0
0.26765856 0.26994154 1.974847 -0.64829564 1.4630387 0.26377973 1.0
0.26765856 0.26994154 1.974847 -0.64829564 1.4630387 0.26377973 1.0
0.26765856 0.26994154 1.974847 -0.64829564 1.4630387 0.26377973 1.0
0.26765856 0.26993638 1.974847 -0.64829564 1.4630387 0.26377973 1.0
0.26765856 0.26993638 1.974847 -0.64830345 1.4630387 0.26377973 1.0
0.26765856 0.26993638 1.974847 -0.64830345 1.4630387 0.26377973 1.0
0.26765856 0.26993638 1.974847 -0.64830345 1.4630387 0.2637875 1.0
0.26765856 0.26993638 1.974847 -0.64830345 1.4630387 0.2637875 1.0
0.26765856 0.26993638 1.974847 -0.64830345 1.4630387 0.2637875 1.0
0.26765856 0.26993638 1.974847 -0.64830345 1.4630387 0.2637875 1.0
0.26765856 0.26993638 1.974847 -0.64830345 1.4630387 0.2637875 1.0
0.26765856 0.26993638 1.974847 -0.64830345 1.4630387 0.2637875 1.0
0.26765856 0.26993638 1.974847 -0.64830345 1.4630387 0.2637875 1.0
0.26765856 0.26993638 1.974847 -0.64830345 1.4630387 0.2637875 1.0
0.26765856 0.26993638 1.974847 -0.64830345 1.4630387 0.2637875 1.0
0.26765856 0.26993638 1.974847 -0.64830345 1.4630387 0.2637875 1.0
0.26765856 0.26993638 1.974847 -0.64830345 1.4630387 0.2637875 1.0
0.26765856 0.26993638 1.974847 -0.64830345 1.4630387 0.2637875 1.0
0.26765856 0.26993638 1.974847 -0.64830345 1.4630309 0.2637875 1.0
0.26765856 0.26993638 1.974847 -0.64830345 1.4630309 0.2637875 1.0
0.26765856 0.26874205 1.9738141 -0.6466471 1.463241 0.2637875 1.0
0.26765856 0.25677806 1.9633131 -0.6298893 1.465675 0.2637875 1.0
0.26765856 0.23787135 1.9461994 -0.6040334 1.469423 0.2637875 1.0
0.26765856 0.22214782 1.9321959 -0.58249325 1.472588 0.2637875 1.0
0.26765856 0.19086172 1.9047925 -0.5392575 1.4788634 0.2637875 1.0
0.26765856 0.15968466 1.8773518 -0.49600616 1.4851311 0.2637875 1.0
0.26765856 0.1391163 1.8592238 -0.4674985 1.4893147 0.2637875 1.0
0.26765856 0.118646614 1.8410461 -0.4392164 1.4933504 0.2637875 1.0
0.26765856 0.099869765 1.8243055 -0.41356266 1.4969897 0.2637875 1.0
0.26765856 0.098047115 1.8227813 -0.41070098 1.4974174 0.2637875 1.0
0.26765856 0.09814058 1.822856 -0.41068548 1.4974174 0.2637875 1.0
0.26765856 0.098150976 1.8229058 -0.41071656 1.4974174 0.2637875 1.0
0.26765856 0.098161355 1.8229493 -0.41072434 1.4974097 0.2637875 1.0
0.26765856 0.098161355 1.8229617 -0.41073212 1.4974097 0.2637875 1.0
0.26720163 0.09882602 1.822066 -0.4103044 1.4975652 0.26363978 1.0
0.26149485 0.10566483 1.8122617 -0.40585643 1.4995326 0.26132244 1.0
0.2413056 0.12652916 1.7821273 -0.3924891 1.5061967 0.25331295 1.0
0.22102286 0.1462407 1.7538095 -0.37986052 1.5129853 0.2452879 1.0
0.21051276 0.1566625 1.7388418 -0.3731652 1.516438 0.24118204 1.0
0.18492824 0.18232489 1.7022437 -0.35673407 1.5249841 0.23104186 1.0
0.16459873 0.20280494 1.6728933 -0.34355333 1.5317339 0.22290014 1.0
0.14920753 0.21832079 1.6504542 -0.33351424 1.5368897 0.21688135 1.0
0.12855612 0.23923704 1.620494 -0.32009253 1.5437638 0.20861524 1.0
0.11315458 0.25486192 1.5982103 -0.31005344 1.548865 0.202542 1.0
0.09469442 0.27356088 1.5711988 -0.2980936 1.5549383 0.19525568 1.0
0.08332239 0.28504714 1.5546014 -0.29077613 1.5587329 0.19077657 1.0
0.082299404 0.28607014 1.5532203 -0.28998297 1.5591296 0.19031778 1.0
0.08234621 0.28605977 1.5532638 -0.2899752 1.5591375 0.19031778 1.0
0.08236172 0.28604934 1.553295 -0.28998297 1.5591375 0.19032557 1.0
0.0823773 0.28604418 1.5533634 -0.28999853 1.5591375 0.19034111 1.0
0.082387686 0.28603894 1.5534256 -0.2900141 1.5591296 0.1903489 1.0
0.082387686 0.286148 1.5537055 -0.29036403 1.5590905 0.1903489 1.0
0.08239807 0.28767985 1.5569218 -0.29433766 1.5584686 0.19035669 1.0
0.08240846 0.29032817 1.5624086 -0.3012974 1.5574266 0.19035669 1.0
0.08242404 0.29950368 1.5818927 -0.32514703 1.5535539 0.19033334 1.0
0.08243442 0.30516374 1.5939987 -0.33971193 1.5509877 0.19031 1.0
0.08246039 0.3194489 1.624214 -0.37743434 1.544409 0.19027114 1.0
0.08248116 0.32816747 1.6426468 -0.4005297 1.540451 0.19025558 1.0
0.08250193 0.339768 1.6672134 -0.43118355 1.5352021 0.19023226 1.0
0.082507126 0.34558383 1.6794997 -0.4465805 1.5326048 0.19021669 1.0
0.0825279 0.3570805 1.7040167 -0.47681442 1.527527 0.19019338 1.0
0.082538284 0.36175394 1.7142066 -0.48903087 1.5254507 0.19018559 1.0
0.08254867 0.36718035 1.7257714 -0.5037357 1.5230012 0.19017003 1.0
0.08254867 0.36753345 1.7264122 -0.50469214 1.5228379 0.19017003 1.0
0.08254867 0.3675646 1.7263439 -0.50482434 1.5228145 0.19017003 0.0
0.08254867 0.36755422 1.7263004 -0.5047777 1.5228224 0.19017003 0.0
0.08255386 0.36754903 1.7262442 -0.5047466 1.5228379 0.19017781 0.0
0.08255386 0.36754903 1.7262317 -0.5047388 1.5228457 0.19017781 0.0
0.08255386 0.36754382 1.7261944 -0.5047388 1.5228457 0.19017781 0.0
0.08255386 0.36754382 1.7261883 -0.5047388 1.5228457 0.19017781 0.0
0.08255386 0.36753345 1.7261758 -0.50473106 1.5228457 0.19017781 0.0
0.08255386 0.36753345 1.7261758 -0.50473106 1.5228535 0.19017781 0.0
0.08255386 0.36753345 1.7261696 -0.50473106 1.5228535 0.19017781 0.0
0.08255386 0.36753345 1.7261634 -0.50473106 1.5228535 0.19017781 0.0
0.08255386 0.36753345 1.7261634 -0.50473106 1.5228535 0.19017781 0.0
0.08255386 0.36753345 1.7261634 -0.50473106 1.5228535 0.19017781 0.0
0.08255386 0.36753345 1.7261634 -0.50473106 1.5228535 0.19017781 0.0
0.08255386 0.36753345 1.7261634 -0.50473106 1.5228535 0.19017781 0.0
0.08255386 0.36753345 1.7261572 -0.50473106 1.5228535 0.19017781 0.0
0.08255386 0.36753345 1.7261572 -0.50473106 1.5228535 0.19017781 0.0
0.08255386 0.36753345 1.7261572 -0.50473106 1.5228535 0.19017781 0.0
0.08255386 0.36753345 1.7261572 -0.50473106 1.5228535 0.19017781 0.0
0.08255386 0.36753345 1.7261572 -0.50473106 1.5228535 0.19017781 0.0
0.08255386 0.36753345 1.7261572 -0.50473106 1.5228535 0.19017781 0.0
0.08255386 0.36753345 1.7261572 -0.50473106 1.5228535 0.19017781 0.0
0.08255386 0.36753345 1.7261572 -0.50473106 1.5228535 0.19017781 0.0
0.08255386 0.36753345 1.7261572 -0.50473106 1.5228535 0.19017781 0.0
0.08255386 0.36753345 1.7261572 -0.50473106 1.5228535 0.19017781 0.0
0.08255386 0.36753345 1.7261572 -0.50473106 1.5228535 0.19017781 0.0
0.08255386 0.36753345 1.7261572 -0.50473106 1.5228535 0.19017781 0.0
0.08255386 0.36753345 1.7261572 -0.50473106 1.5228535 0.19017781 0.0
0.08255386 0.36753345 1.7261572 -0.50473106 1.5228535 0.19017781 0.0
0.08255386 0.36753345 1.7261572 -0.50473106 1.5228535 0.19017781 0.0
0.08255386 0.36753345 1.7261572 -0.50473106 1.5228535 0.19017781 0.0
0.08255386 0.36753345 1.7261572 -0.5047388 1.5228535 0.19017781 0.0
0.08255386 0.36753345 1.7261572 -0.5047388 1.5228535 0.19017781 0.0
0.08255386 0.36753345 1.7261572 -0.5047388 1.5228535 0.19017781 0.0
0.08255386 0.36753345 1.7261572 -0.5047388 1.5228535 0.19017781 0.0
0.08255386 0.36753345 1.7261572 -0.5047388 1.5228535 0.19017781 0.0
0.08255386 0.36753345 1.7261572 -0.5047388 1.5228535 0.19017781 0.0
0.08255386 0.36753345 1.7261572 -0.5047388 1.5228535 0.19017781 0.0
0.08255386 0.36753345 1.7261572 -0.5047388 1.5228535 0.19017781 0.0
0.08255386 0.36753345 1.7261572 -0.5047388 1.5228535 0.19017781 0.0
0.08255386 0.36753345 1.7261572 -0.5047388 1.5228535 0.19017781 0.0
0.08255386 0.36753345 1.7261572 -0.5047388 1.5228535 0.19017781 0.0
0.08255386 0.36753345 1.7261572 -0.5047388 1.5228535 0.19017781 0.0
0.08255386 0.36753345 1.7261572 -0.5047388 1.5228535 0.19017781 0.0
0.08255386 0.36752826 1.7261572 -0.5047388 1.5228535 0.19017781 0.0
0.08255386 0.36752826 1.7261572 -0.5047388 1.5228535 0.19017781 0.0
0.08255386 0.36752826 1.7261572 -0.5047388 1.5228535 0.19017781 0.0
0.08255386 0.36752826 1.7261572 -0.5047388 1.5228535 0.19017781 0.0
0.08255386 0.36752826 1.7261572 -0.5047388 1.5228535 0.19017781 0.0
0.08255386 0.36752826 1.7261572 -0.5047388 1.5228457 0.19017781 0.0
0.08255386 0.36752826 1.7261572 -0.5047388 1.5228457 0.19017781 0.0
0.08255386 0.36752826 1.7261572 -0.5047388 1.5228457 0.19017781 0.0
0.08255386 0.36752826 1.7261572 -0.5047388 1.5228457 0.19017781 0.0
0.08255386 0.36752826 1.7261572 -0.5047388 1.5228457 0.19017781 0.0
0.08255386 0.36752826 1.7261572 -0.5047388 1.5228457 0.19017781 0.0
0.08255386 0.36752826 1.7261572 -0.5047388 1.5228457 0.19017781 0.0
0.08255386 0.36752826 1.7261572 -0.5047388 1.5228457 0.19017781 0.0
0.08255386 0.36752826 1.7261572 -0.5047388 1.5228457 0.19017781 0.0
0.08255386 0.36752826 1.7261572 -0.5047388 1.5228457 0.19017781 0.0
0.08255386 0.36752826 1.7261572 -0.5047388 1.5228457 0.19017781 0.0
0.08255386 0.36752826 1.7261572 -0.5047388 1.5228457 0.19017781 0.0
0.08255386 0.36752826 1.7261572 -0.5047388 1.5228457 0.19017781 0.0
0.08255386 0.36752826 1.7261572 -0.5047388 1.5228457 0.19017781 0.0
0.08255386 0.36752826 1.7261572 -0.5047388 1.5228457 0.19017781 0.0
0.08255386 0.36752826 1.7261572 -0.5047388 1.5228457 0.19017781 0.0
0.08255386 0.36752826 1.7261572 -0.5047388 1.5228457 0.19017781 0.0
0.08255386 0.36752826 1.7261572 -0.5047388 1.5228457 0.19017781 0.0
0.08255386 0.36752826 1.7261572 -0.5047388 1.5228457 0.19017781 0.0
0.08255386 0.36752826 1.7261572 -0.5047388 1.5228457 0.19017781 0.0
0.08255386 0.36752304 1.7261572 -0.50473106 1.5228457 0.19017781 0.0
0.08255386 0.36725304 1.7255973 -0.5039923 1.5229468 0.19017781 0.0
0.082538284 0.36214858 1.7151086 -0.4904384 1.5252641 0.19017781 0.0
0.0825279 0.3576517 1.7056093 -0.4786574 1.5272858 0.19019338 0.0
0.08251232 0.3521734 1.6938144 -0.46452025 1.5296577 0.19020893 0.0
0.082486354 0.34024572 1.6682398 -0.4333998 1.5348834 0.19024003 0.0
0.08247597 0.33132982 1.6494775 -0.41000116 1.5388802 0.19025558 0.0
0.082455195 0.3255036 1.6371909 -0.3945576 1.5414542 0.19027114 0.0
0.082455195 0.322497 1.6308705 -0.38660252 1.5428227 0.1902789 0.0
0.08242923 0.3078224 1.5997906 -0.34777585 1.5493937 0.19031 0.0
0.08241891 0.30184558 1.5869939 -0.3319357 1.5520998 0.19031778 0.0
0.08241365 0.29652825 1.5756034 -0.31799293 1.5543859 0.19033334 0.0
0.08239807 0.288438 1.5578985 -0.29688826 1.5579631 0.1903489 0.0
0.082392946 0.28675553 1.5545329 -0.29225367 1.5587329 0.1903489 0.0
0.082392946 0.28611684 1.553326 -0.29037955 1.5590595 0.19035669 0.0
0.082392946 0.2859611 1.5531269 -0.2899441 1.5591375 0.19035669 0.0
0.082392946 0.28599742 1.5532763 -0.2899752 1.5591375 0.19035669 0.0
0.082392946 0.2860026 1.5533571 -0.28999075 1.5591375 0.19035669 0.0
0.082392946 0.28600782 1.553382 -0.29000628 1.5591375 0.19035669 0.0
0.082392946 0.28601298 1.553413 -0.29000628 1.5591296 0.19035669 0.0
0.082392946 0.28601822 1.5534194 -0.2900141 1.5591296 0.19035669 0.0
0.082392946 0.28601822 1.5534317 -0.2900141 1.5591296 0.19035669 0.0
0.082392946 0.28601822 1.553438 -0.2900141 1.5591296 0.1903489 0.0
0.082392946 0.28602856 1.5534443 -0.2900141 1.5591296 0.1903489 0.0
0.08246565 0.28542626 1.5535562 -0.28947753 1.5591528 0.19031 0.0
0.08281346 0.28341144 1.5538671 -0.28769678 1.5594096 0.19010784 0.0
0.08362359 0.27898207 1.5545702 -0.2837853 1.5600238 0.18957905 0.0
0.08493213 0.2722575 1.5556277 -0.27754104 1.5609959 0.18873921 0.0
0.08670287 0.26339355 1.5569777 -0.26897943 1.5623256 0.18759611 0.0
0.08858779 0.25390646 1.5583277 -0.25990456 1.5637175 0.18640636 0.0
0.09066492 0.24331333 1.5597773 -0.24996656 1.5652183 0.18508439 0.0
0.092684865 0.23300579 1.5612888 -0.24019963 1.5666647 0.18380909 0.0
0.09773735 0.20720316 1.5650401 -0.2156501 1.5704051 0.18058974 0.0
0.099746965 0.19698912 1.5665394 -0.2058754 1.5718902 0.17929111 0.0
0.13409676 0.020680852 1.592512 -0.038857743 1.5972795 0.1573855 0.0
